280
1
1
 2
 242
 243
 241
 240
 239
 238
 237
 236
 235
 234
 233
 232
 231
 246
 245
 244
 247
 250
 251
 230
 229
 228
 227
 226
 225
 224
 223
 219
 222
 221
 220
 217
 218
 215
 216
 213
 214
 212
 211
 210
 209
 253
 208
 207
 206
 205
 204
 203
 202
 201
 200
 144
 143
 142
 141
 140
 139
 149
 148
 147
 146
 145
 199
 198
 197
 196
 195
 194
 193
 192
 191
 190
 189
 188
 187
 186
 185
 184
 183
 182
 181
 176
 180
 179
 150
 178
 177
 151
 152
 156
 153
 155
 154
 129
 130
 131
 132
 133
 17
 18
 19
 20
 21
 128
 127
 126
 30
 125
 124
 123
 122
 121
 120
 119
 157
 158
 159
 160
 175
 161
 162
 163
 164
 165
 166
 167
 168
 100
 99
 101
 102
 103
 169
 170
 171
 172
 173
 174
 107
 106
 105
 104
 108
 110
 111
 114
 113
 115
 117
 116
 86
 85
 87
 84
 83
 88
 112
 109
 89
 82
 81
 79
 80
 90
 91
 92
 93
 98
 94
 97
 96
 95
 78
 77
 75
 76
 74
 73
 72
 71
 70
 69
 68
 67
 66
 65
 64
 63
 58
 57
 56
 55
 54
 53
 52
 51
 50
 49
 48
 47
 46
 45
 44
 59
 62
 118
 61
 60
 43
 42
 41
 40
 39
 38
 37
 36
 35
 34
 33
 32
 31
 29
 28
 27
 26
 22
 25
 23
 24
 14
 13
 15
 12
 11
 10
 8
 9
 7
 6
 5
 4
 277
 276
 275
 274
 273
 272
 271
 16
 270
 269
 134
 135
 136
 268
 267
 137
 138
 266
 265
 264
 263
 262
 261
 260
 259
 258
 257
 254
 252
 255
 256
 249
 248
 278
 279
 3
 280
 2625
 